0
0
0
0
0
1
2
4
5
9
11
11
15
15
17
19
20
23
25
25
27
30
32
32
35
35
37
40
42
43
45
46
47
49
50
51
55
55
55
59
61
61
63
63
66
65
67
71
71
71
74
75
75
77
78
80
81
83
84
85
87
89
89
90
92
92
94
95
97
98
97
99
99
102
103
105
106
107
108
110
110
110
112
113
114
115
115
116
119
118
121
121
123
123
123
125
126
127
129
130
131
132
132
133
133
135
135
137
138
137
139
141
140
142
141
143
144
144
145
148
147
148
148
150
150
152
151
153
154
155
156
157
158
157
158
158
159
159
161
162
161
163
163
165
165
166
166
168
167
168
170
170
170
170
172
173
172
173
175
175
176
176
175
177
179
178
179
178
181
181
181
182
182
183
184
184
184
185
185
185
187
187
187
187
188
189
189
190
189
190
191
192
192
193
193
194
194
195
196
196
195
196
197
198
198
198
198
199
199
201
199
201
200
201
201
201
202
202
203
204
205
203
206
205
205
205
207
206
207
208
207
208
208
207
208
210
208
210
209
212
212
212
212
213
212
213
212
214
214
213
214
215
214
215
216
216
215
217
217
217
218
218
218
218
218
219
218
218
219
219
220
222
221
219
221
222
221
222
223
223
222
223
223
222
224
224
225
223
225
224
223
225
225
225
225
226
226
227
227
227
226
228
228
227
228
227
227
229
228
229
228
229
230
230
230
230
230
230
229
230
231
231
232
232
232
231
232
232
232
231
231
232
231
233
233
234
233
234
234
234
233
234
234
234
235
236
236
235
235
236
235
236
235
235
235
236
236
238
238
235
237
238
237
236
237
238
237
238
238
237
239
238
238
237
240
239
239
239
238
239
239
239
240
239
240
239
241
239
240
240
240
240
242
240
242
242
241
241
242
241
241
241
241
242
242
242
241
243
243
243
244
244
243
243
243
242
244
244
242
243
244
243
244
244
244
244
245
245
243
244
244
244
244
245
245
246
246
245
245
243
246
245
245
246
245
245
245
246
245
246
246
246
246
245
246
245
245
247
246
246
247
246
247
246
247
247
248
247
247
248
247
247
247
249
248
248
248
247
247
247
248
247
248
248
247
248
248
249
248
249
248
248
249
249
250
248
246
244
242
242
240
240
237
235
235
232
232
231
229
229
227
225
224
224
222
220
219
218
216
216
213
213
211
212
209
208
208
205
204
204
203
202
199
199
198
197
195
193
194
194
192
190
191
189
187
186
184
186
184
181
181
181
180
180
178
176
175
176
176
174
172
172
171
169
169
168
168
168
165
165
164
164
163
162
160
161
158
160
158
158
156
156
155
155
152
152
152
150
149
150
147
147
148
146
145
145
145
144
143
143
142
140
140
139
140
139
138
137
137
136
135
134
134
133
132
132
132
132
132
130
129
129
129
129
128
126
126
127
126
123
123
123
123
121
121
121
122
120
118
119
118
119
117
116
117
116
116
116
114
114
114
112
112
113
112
111
109
110
109
111
110
108
109
108
108
107
106
107
107
105
106
106
105
103
104
104
99
103
103
101
103
102
100
101
99
99
100
100
99
98
97
98
97
97
96
95
95
95
96
95
96
95
93
93
94
92
93
92
93
92
92
91
92
91
91
90
89
89
90
88
89
88
88
89
88
88
88
87
86
86
85
87
86
86
86
85
85
84
84
84
84
83
83
84
82
83
83
82
82
81
82
81
82
80
80
80
80
80
80
80
80
80
80
77
78
78
79
78
79
78
78
78
77
76
76
76
75
77
75
76
74
76
76
75
74
74
74
75
75
73
74
74
73
73
73
74
72
74
72
73
72
73
71
72
73
70
71
71
72
71
71
72
71
70
70
70
70
69
71
70
70
70
71
69
70
69
70
68
68
68
68
68
69
67
68
68
67
67
67
67
68
67
66
66
66
66
67
66
67
66
66
66
67
66
66
65
66
65
65
65
66
65
65
63